L_1xx: 0.156114
L_1xy: -1.9787e-06
L_1xz: 5.33403e-07
L_1yy: 0.156008
L_1yz: 2.87625e-05
L_1zz: 0.156107
l_1x: 0.0003783
l_1y: 0.0203989
l_1z: -0.005499
m_1: 3.9
L_2xx: 0.356014
L_2xy: 0.000547369
L_2xz: 0.00324959
L_2yy: 1.33118
L_2yz: -2.23132e-06
L_2zz: 1.33116
l_2x: 2.6636
l_2y: -0.00182895
l_2z: -0.010858
m_2: 8.9
L_3xx: 0.244071
L_3xy: -0.000199881
L_3xz: 0.00579211
L_3yy: 0.810769
L_3yz: 2.43631e-06
L_3zz: 0.810699
l_3x: 1.70256
l_3y: 0.00071614
l_3z: -0.0207522
m_3: 6.1
L_4xx: 0.156088
L_4xy: -1.287e-06
L_4xz: -2.46285e-06
L_4yy: 0.156069
L_4yz: -3.61218e-05
L_4zz: 0.156019
l_4x: -0.000585
l_4y: -0.00858
l_4z: -0.016419
m_4: 3.9
L_5xx: 0.156082
L_5xy: -8.08055e-07
L_5xz: 1.61611e-06
L_5yy: 0.156066
L_5yz: 3.27795e-05
L_5zz: 0.156016
l_5x: 0.000394173
l_5y: 0.007995
l_5z: -0.01599
m_5: 3.9
L_6xx: 0.0113946
L_6xy: -1.518e-08
L_6xz: -1.43755e-06
L_6yy: 0.0113946
L_6yz: -4.1668e-06
L_6zz: 0.011
l_6x: -7.59e-05
l_6y: -0.00022
l_6z: -0.020834
m_6: 1.1
