L_1xx: 0.010989364236593
L_1xy: -4.1222989466405e-08
L_1xz: -4.2522533476586e-06
L_1yy: 0.011819182895124
L_1yz: 2.8668719096459e-05
L_1zz: 0.003460192354396
l_1x: -9.5158815383911e-05
l_1y: 0.00060954689979553
l_1z: -0.094500541687012
m_1: 2.0
L_2xx: 0.008384763263166
L_2xy: -0.0011185731273144
L_2xz: -0.00047173679922707
L_2yy: 0.033246073871851
L_2yz: -3.3256088499911e-05
L_2zz: 0.034298744052649
l_2x: 0.25222229957581
l_2y: 0.017744541168213
l_2z: 0.0074950456619263
m_2: 4.0
L_3xx: 0.014034179970622
L_3xy: -1.5943649032124e-06
L_3xz: 0.013597760349512
L_3yy: 0.15908150374889
L_3yz: -2.1024195007158e-07
L_3zz: 0.15653231739998
l_3x: 0.70722103118896
l_3y: -8.0466270446777e-06
l_3z: -0.096155554056168
m_3: 5.0
L_4xx: 0.0074703842401505
L_4xy: -0.0016230372712016
L_4xz: -0.0058799772523344
L_4yy: 0.098464079201221
L_4yz: -0.00015164472279139
L_4zz: 0.096809454262257
l_4x: 0.50232887268066
l_4y: 0.01294282078743
l_4z: 0.046840250492096
m_4: 4.0
L_5xx: 1.9240414985688e-06
L_5xy: -1.6269309455197e-08
L_5xz: -1.3267140749722e-13
L_5yy: 2.469270441452e-07
L_5yz: -8.1257448686367e-12
L_5zz: 1.9241952031734e-06
l_5x: -7.3744653550367e-07
l_5y: -7.8111729643449e-05
l_5z: -5.2750109835742e-10
m_5: 0.0035399999469519
L_6xx: 0.008009790442884
L_6xy: 2.2136126062833e-05
L_6xz: 0.0036146971397102
L_6yy: 0.016940485686064
L_6yz: -1.7635364201851e-05
L_6zz: 0.015582596883178
l_6x: -0.09481018781662
l_6y: 0.00046724081039429
l_6z: 0.076262645423412
m_6: 2.0

