SDPA start at [Sat Oct 27 16:57:53 2018]
set   is STABLE_BUT_SLOW
data   is tmp/sdpa_dat/sdp.dat-s  : sparse
out    is tmp/sdpa_dat/sdpa.out
NumThreads  is set as 1
Schur computation : DENSE 
   mu      thetaP  thetaD  objP      objD      alphaP  alphaD  beta 
 0 1.0e+08 1.0e+00 1.0e+00 -0.00e+00 -1.13e+05 6.4e-01 6.7e-01 3.00e-01
 1 4.9e+07 3.6e-01 3.3e-01 -0.00e+00 -4.75e+05 7.1e-01 7.5e-01 3.00e-01
 2 2.0e+07 1.0e-01 8.2e-02 -0.00e+00 -7.46e+05 7.2e-01 7.8e-01 3.00e-01
 3 7.8e+06 2.9e-02 1.8e-02 -0.00e+00 -1.07e+06 7.4e-01 7.9e-01 3.00e-01
 4 2.9e+06 7.5e-03 3.8e-03 -0.00e+00 -1.51e+06 7.7e-01 8.0e-01 3.00e-01
 5 9.8e+05 1.7e-03 7.6e-04 -0.00e+00 -2.08e+06 7.8e-01 8.0e-01 3.00e-01
 6 3.4e+05 3.7e-04 1.5e-04 -0.00e+00 -2.51e+06 7.5e-01 8.0e-01 3.00e-01
 7 1.4e+05 9.4e-05 3.0e-05 -0.00e+00 -2.05e+06 6.8e-01 8.0e-01 3.00e-01
 8 6.0e+04 3.1e-05 6.1e-06 -0.00e+00 -1.08e+06 7.9e-01 7.8e-01 3.00e-01
 9 2.4e+04 6.5e-06 1.3e-06 -0.00e+00 -5.61e+05 9.2e-01 8.0e-01 3.00e-01
10 9.5e+03 5.3e-07 2.6e-07 -0.00e+00 -2.87e+05 1.0e+00 8.0e-01 3.00e-01
11 3.9e+03 4.7e-14 5.3e-08 -0.00e+00 -1.22e+05 5.0e+01 7.7e-01 3.00e-01
12 7.3e+03 1.9e-13 1.8e-08 -0.00e+00 -5.25e+04 1.3e+00 8.0e-01 3.00e-01
13 3.1e+03 9.3e-14 2.9e-09 -0.00e+00 -5.92e+04 7.4e+00 8.0e-01 3.00e-01
14 1.7e+03 2.0e-13 4.0e-09 -0.00e+00 -3.28e+04 1.8e+00 8.0e-01 3.00e-01
15 7.3e+02 1.9e-13 7.9e-10 -0.00e+00 -1.78e+04 8.5e+00 9.8e-01 3.00e-01
16 2.3e+02 1.4e-13 5.4e-10 -0.00e+00 -6.44e+03 2.5e+00 1.0e+00 3.00e-01
17 7.0e+01 3.4e-13 3.5e-10 -0.00e+00 -1.96e+03 9.0e+00 1.0e+00 3.00e-01
18 2.1e+01 3.1e-14 6.7e-12 -0.00e+00 -5.88e+02 2.5e+00 1.0e+00 3.00e-01
19 6.3e+00 6.2e-14 2.0e-12 -0.00e+00 -1.76e+02 4.5e+01 8.9e-01 1.00e-01
20 1.3e+00 1.9e-13 4.0e-13 -0.00e+00 -3.53e+01 1.3e+01 8.9e-01 1.00e-01
21 2.5e-01 3.7e-13 8.1e-14 -0.00e+00 -7.05e+00 4.5e+01 8.9e-01 1.00e-01
22 5.0e-02 4.0e-13 1.6e-14 -0.00e+00 -1.41e+00 1.3e+01 8.9e-01 1.00e-01
23 1.0e-02 4.5e-13 3.2e-15 -0.00e+00 -2.82e-01 4.5e+01 8.9e-01 1.00e-01
24 2.0e-03 5.9e-13 6.5e-16 -0.00e+00 -5.64e-02 1.3e+01 8.9e-01 1.00e-01
25 4.0e-04 8.7e-13 1.3e-16 -0.00e+00 -1.13e-02 4.5e+01 8.9e-01 1.00e-01
26 8.1e-05 7.7e-13 2.6e-17 -0.00e+00 -2.26e-03 1.3e+01 8.9e-01 1.00e-01
27 1.6e-05 7.7e-13 5.2e-18 -0.00e+00 -4.51e-04 4.5e+01 8.9e-01 1.00e-01
28 3.2e-06 8.4e-13 1.0e-18 -0.00e+00 -9.03e-05 1.3e+01 8.9e-01 1.00e-01
29 6.4e-07 1.1e-12 2.1e-19 -0.00e+00 -1.81e-05 4.5e+01 8.9e-01 1.00e-01
30 1.3e-07 9.6e-13 4.1e-20 -0.00e+00 -3.61e-06 1.3e+01 8.9e-01 1.00e-01
31 2.6e-08 1.1e-12 8.3e-21 -0.00e+00 -7.22e-07 4.5e+01 8.9e-01 1.00e-01
32 5.2e-09 1.0e-12 3.9e-21 -0.00e+00 -1.44e-07 1.3e+01 8.9e-01 1.00e-01
33 1.0e-09 1.0e-12 1.0e-21 -0.00e+00 -2.89e-08 1.3e+01 8.9e-01 1.00e-01

phase.value  = pdOPT     
   Iteration = 33
          mu = +1.0315580036122453e-09
relative gap = +2.8883623678872943e-08
        gap  = +2.8883623678872943e-08
     digits  = -3.0102999566398120e-01
objValPrimal = -0.0000000000000000e+00
objValDual   = -2.8883623678872943e-08
p.feas.error = +1.0105356565426327e-08
d.feas.error = +3.1355318403310656e-17
total time   = 0.010963
** Parameters **
maxIteration = 1000
epsilonStar  = +9.9999999999999995e-08
lambdaStar   = +1.0000000000000000e+04
omegaStar    = +2.0000000000000000e+00
lowerBound   = -1.0000000000000000e+05
upperBound   = +1.0000000000000000e+05
betaStar     = +1.0000000000000001e-01
betaBar      = +2.9999999999999999e-01
gammaStar    = +8.0000000000000004e-01
epsilonDash  = +9.9999999999999995e-08
xPrint       = %+8.3e 
XPrint       = %+8.3e 
YPrint       = %+8.3e 
infPrint     = %+10.16e 

                         Time(sec)  Ratio(% : MainLoop) 
 Predictor time  =       0.007782,  73.380481
 Corrector time  =       0.000557,  5.252240
 Make bMat time  =       0.005600,  52.805281
 Make bDia time  =       0.000002,  0.018859
 Make bF1  time  =       0.000000,  0.000000
 Make bF2  time  =       0.000000,  0.000000
 Make bF3  time  =       0.000000,  0.000000
 Make bPRE time  =       0.000116,  1.093824
 Make rMat time  =       0.000220,  2.074493
 Make gVec Mul   =       0.001103,  10.400754
 Make gVec time  =       0.001185,  11.173975
 Cholesky bMat   =       0.000682,  6.430929
 Ste Pre time    =       0.000010,  0.094295
 Ste Cor time    =       0.001105,  10.419613
 solve           =       0.000079,  0.744932
 sumDz           =       0.000185,  1.744460
 makedX          =       0.000286,  2.696841
 symmetriseDx    =       0.000047,  0.443187
 makedXdZ        =       0.000528,  4.978784
 xMatTime        =       0.000219,  2.065064
 zMatTime        =       0.000280,  2.640264
 invzMatTime     =       0.000000,  0.000000
 xMatzMatTime    =       0.000000,  0.000000
 EigxMatTime     =       0.000566,  5.337105
 EigzMatTime     =       0.000506,  4.771334
 EigxMatzMatTime =       0.000000,  0.000000
 updateRes       =       0.000167,  1.574729
 EigTime         =       0.001072,  10.108439
 sub_total_bMat  =       0.005005,  47.194719
 Main Loop       =       0.010605,  100.000000
 File Check      =       0.000000,  0.000000
 File Change     =       0.000002,  0.018859
 File Read       =       0.000356,  3.356907
 Total           =       0.010963,  103.375766

xVec = 
{+8.520e+08,-0.000e+00,-0.000e+00,+8.520e+08,-0.000e+00,-0.000e+00,-0.000e+00,-0.000e+00,+1.242e+09,+9.655e+06,-5.486e+07,+3.117e+08,+1.468e+00,+6.894e-01,+7.431e+00,+5.956e-02,+7.302e-02,+2.336e+00,+1.325e-01,-1.182e-01,+2.354e+00,+8.533e-02,-1.664e-01,+2.285e+00}
xMat = 
{
{ {+8.520e+08,+0.000e+00,+0.000e+00,+0.000e+00,+0.000e+00,+0.000e+00 },
  {+0.000e+00,+8.520e+08,+0.000e+00,+0.000e+00,+0.000e+00,+0.000e+00 },
  {+0.000e+00,+0.000e+00,+3.389e-02,+0.000e+00,+0.000e+00,+0.000e+00 },
  {+0.000e+00,+0.000e+00,+0.000e+00,+1.242e+09,+0.000e+00,+0.000e+00 },
  {+0.000e+00,+0.000e+00,+0.000e+00,+0.000e+00,+1.242e+09,+0.000e+00 },
  {+0.000e+00,+0.000e+00,+0.000e+00,+0.000e+00,+0.000e+00,+1.242e+09 }   }
{ {+9.655e+06,-3.009e-01,+5.775e-01,+0.000e+00,-5.486e+07,+3.825e-03 },
  {-3.009e-01,+9.655e+06,-1.575e-01,+5.486e+07,+0.000e+00,+3.022e+00 },
  {+5.775e-01,-1.575e-01,+5.030e-01,-3.825e-03,-3.022e+00,+0.000e+00 },
  {+0.000e+00,+5.486e+07,-3.825e-03,+3.117e+08,+0.000e+00,+0.000e+00 },
  {-5.486e+07,+0.000e+00,-3.022e+00,+0.000e+00,+3.117e+08,+0.000e+00 },
  {+3.825e-03,+3.022e+00,+0.000e+00,+0.000e+00,+0.000e+00,+3.117e+08 }   }
{ {+5.712e-01,+3.984e-01,-2.153e-01,+0.000e+00,+6.894e-01,+1.789e-02 },
  {+3.984e-01,+1.468e+00,+6.941e-02,-6.894e-01,+0.000e+00,+2.777e+00 },
  {-2.153e-01,+6.941e-02,+1.093e+00,-1.789e-02,-2.777e+00,+0.000e+00 },
  {+0.000e+00,-6.894e-01,-1.789e-02,+7.431e+00,+0.000e+00,+0.000e+00 },
  {+6.894e-01,+0.000e+00,-2.777e+00,+0.000e+00,+7.431e+00,+0.000e+00 },
  {+1.789e-02,+2.777e+00,+0.000e+00,+0.000e+00,+0.000e+00,+7.431e+00 }   }
{ {+1.036e-01,-1.205e-02,+4.931e-02,+0.000e+00,+7.302e-02,+1.510e-01 },
  {-1.205e-02,+5.956e-02,+1.265e-02,-7.302e-02,+0.000e+00,+2.516e-03 },
  {+4.931e-02,+1.265e-02,+1.422e-01,-1.510e-01,-2.516e-03,+0.000e+00 },
  {+0.000e+00,-7.302e-02,-1.510e-01,+2.336e+00,+0.000e+00,+0.000e+00 },
  {+7.302e-02,+0.000e+00,-2.516e-03,+0.000e+00,+2.336e+00,+0.000e+00 },
  {+1.510e-01,+2.516e-03,+0.000e+00,+0.000e+00,+0.000e+00,+2.336e+00 }   }
{ {+8.664e-02,+1.585e-03,+1.327e-02,+0.000e+00,-1.182e-01,-4.562e-02 },
  {+1.585e-03,+1.325e-01,+3.169e-03,+1.182e-01,+0.000e+00,-9.914e-04 },
  {+1.327e-02,+3.169e-03,+8.111e-02,+4.562e-02,+9.914e-04,+0.000e+00 },
  {+0.000e+00,+1.182e-01,+4.562e-02,+2.354e+00,+0.000e+00,+0.000e+00 },
  {-1.182e-01,+0.000e+00,+9.914e-04,+0.000e+00,+2.354e+00,+0.000e+00 },
  {-4.562e-02,-9.914e-04,+0.000e+00,+0.000e+00,+0.000e+00,+2.354e+00 }   }
{ {+9.477e-02,+1.942e-04,+7.654e-03,+0.000e+00,-1.664e-01,-2.476e-03 },
  {+1.942e-04,+8.533e-02,+4.208e-03,+1.664e-01,+0.000e+00,-1.631e-03 },
  {+7.654e-03,+4.208e-03,+1.068e-02,+2.476e-03,+1.631e-03,+0.000e+00 },
  {+0.000e+00,+1.664e-01,+2.476e-03,+2.285e+00,+0.000e+00,+0.000e+00 },
  {-1.664e-01,+0.000e+00,+1.631e-03,+0.000e+00,+2.285e+00,+0.000e+00 },
  {-2.476e-03,-1.631e-03,+0.000e+00,+0.000e+00,+0.000e+00,+2.285e+00 }   }
}
yMat = 
{
{ {+1.211e-18,+0.000e+00,+0.000e+00,+0.000e+00,+0.000e+00,+0.000e+00 },
  {+0.000e+00,+1.211e-18,+0.000e+00,+0.000e+00,+0.000e+00,+0.000e+00 },
  {+0.000e+00,+0.000e+00,+2.914e-08,+0.000e+00,+0.000e+00,+0.000e+00 },
  {+0.000e+00,+0.000e+00,+0.000e+00,+8.308e-19,+0.000e+00,+0.000e+00 },
  {+0.000e+00,+0.000e+00,+0.000e+00,+0.000e+00,+8.308e-19,+0.000e+00 },
  {+0.000e+00,+0.000e+00,+0.000e+00,+0.000e+00,+0.000e+00,+8.308e-19 }   }
{ {+1.363e-08,+1.287e-08,+2.663e-09,-2.264e-09,+2.398e-09,-1.279e-16 },
  {+1.287e-08,+1.552e-08,+3.480e-09,-2.731e-09,+2.264e-09,-1.542e-16 },
  {+2.663e-09,+3.480e-09,+2.682e-09,-6.125e-10,+4.687e-10,-3.458e-17 },
  {-2.264e-09,-2.731e-09,-6.125e-10,+4.807e-10,-3.985e-10,+2.714e-17 },
  {+2.398e-09,+2.264e-09,+4.687e-10,-3.985e-10,+4.221e-10,-2.251e-17 },
  {-1.279e-16,-1.542e-16,-3.458e-17,+2.714e-17,-2.251e-17,+3.310e-18 }   }
{ {+1.128e-08,-1.279e-08,+6.562e-09,-1.243e-09,+1.500e-09,+5.061e-09 },
  {-1.279e-08,+1.786e-08,-1.102e-08,+1.731e-09,-3.124e-09,-7.073e-09 },
  {+6.562e-09,-1.102e-08,+2.391e-08,-1.030e-09,+8.861e-09,+4.367e-09 },
  {-1.243e-09,+1.731e-09,-1.030e-09,+2.958e-10,-2.873e-10,-6.853e-10 },
  {+1.500e-09,-3.124e-09,+8.861e-09,-2.873e-10,+3.503e-09,+1.239e-09 },
  {+5.061e-09,-7.073e-09,+4.367e-09,-6.853e-10,+1.239e-09,+2.928e-09 }   }
{ {+1.290e-08,+2.974e-09,-4.971e-09,-3.239e-10,-3.459e-10,-1.048e-09 },
  {+2.974e-09,+1.624e-08,-2.101e-09,+2.577e-10,-8.086e-11,-2.602e-10 },
  {-4.971e-09,-2.101e-09,+9.726e-09,+7.317e-10,+1.426e-10,+4.048e-10 },
  {-3.239e-10,+2.577e-10,+7.317e-10,+5.576e-10,+9.410e-12,+2.591e-11 },
  {-3.459e-10,-8.086e-11,+1.426e-10,+9.410e-12,+5.009e-10,+2.809e-11 },
  {-1.048e-09,-2.602e-10,+4.048e-10,+2.591e-11,+2.809e-11,+5.767e-10 }   }
{ {+1.420e-08,-1.528e-10,-2.377e-09,+5.734e-11,+5.327e-10,+3.083e-10 },
  {-1.528e-10,+8.430e-09,-1.306e-10,-3.127e-10,-5.657e-12,+6.849e-13 },
  {-2.377e-09,-1.306e-10,+1.339e-08,-2.860e-10,-9.534e-11,-5.169e-11 },
  {+5.734e-11,-3.127e-10,-2.860e-10,+5.120e-10,+2.283e-12,+1.097e-12 },
  {+5.327e-10,-5.657e-12,-9.534e-11,+2.283e-12,+5.141e-10,+1.157e-11 },
  {+3.083e-10,+6.849e-13,-5.169e-11,+1.097e-12,+1.157e-11,+5.008e-10 }   }
{ {+1.331e-08,+5.046e-10,-9.871e-09,-2.358e-11,+9.451e-10,+1.652e-11 },
  {+5.046e-10,+1.429e-08,-5.762e-09,-9.991e-10,+4.014e-11,+1.201e-11 },
  {-9.871e-09,-5.762e-09,+1.059e-07,+2.775e-10,-7.797e-10,-1.655e-11 },
  {-2.358e-11,-9.991e-10,+2.775e-10,+5.746e-10,-1.882e-12,-8.258e-13 },
  {+9.451e-10,+4.014e-11,-7.797e-10,-1.882e-12,+5.718e-10,+1.177e-12 },
  {+1.652e-11,+1.201e-11,-1.655e-11,-8.258e-13,+1.177e-12,+5.046e-10 }   }
}
    main loop time = 0.010605
        total time = 0.010963
  file  check time = 0.000000
  file change time = 0.000002
  file   read time = 0.000356
SDPA end at [Sat Oct 27 16:57:53 2018]
ALL TIME = 0.019062
