SDPA start at [Sat Nov 24 11:31:45 2018]
set   is STABLE_BUT_SLOW
data   is tmp/sdpa_dat/sdp.dat-s  : sparse
out    is tmp/sdpa_dat/sdpa.out
NumThreads  is set as 1
Schur computation : DENSE 
   mu      thetaP  thetaD  objP      objD      alphaP  alphaD  beta 
 0 1.0e+08 1.0e+00 1.0e+00 -0.00e+00 -2.15e+04 6.3e-01 6.7e-01 3.00e-01
 1 5.0e+07 3.7e-01 3.3e-01 -0.00e+00 -1.10e+05 6.7e-01 7.2e-01 3.00e-01
 2 2.2e+07 1.2e-01 9.2e-02 -0.00e+00 -1.64e+05 6.5e-01 6.8e-01 3.00e-01
 3 1.1e+07 4.3e-02 2.9e-02 -0.00e+00 -2.09e+05 6.6e-01 7.2e-01 3.00e-01
 4 5.0e+06 1.5e-02 8.1e-03 -0.00e+00 -2.77e+05 7.5e-01 7.8e-01 3.00e-01
 5 1.8e+06 3.7e-03 1.8e-03 -0.00e+00 -3.85e+05 7.9e-01 7.8e-01 3.00e-01
 6 5.6e+05 7.7e-04 3.9e-04 -0.00e+00 -5.34e+05 7.9e-01 8.0e-01 3.00e-01
 7 1.9e+05 1.6e-04 7.8e-05 -0.00e+00 -6.99e+05 7.5e-01 8.0e-01 3.00e-01
 8 7.2e+04 4.0e-05 1.6e-05 -0.00e+00 -6.80e+05 6.6e-01 8.0e-01 3.00e-01
 9 3.2e+04 1.4e-05 3.2e-06 -0.00e+00 -3.72e+05 5.3e-01 8.0e-01 3.00e-01
10 1.6e+04 6.4e-06 6.3e-07 -0.00e+00 -5.83e+04 3.1e-01 5.2e-01 3.00e-01
11 1.3e+04 4.4e-06 3.0e-07 -0.00e+00 +3.51e+05 3.1e-01 5.2e-01 3.00e-01

phase.value  = pdINF     
   Iteration = 11
          mu = +1.2915468464962045e+04
relative gap = +2.0000000000000000e+00
        gap  = -3.5110362950840476e+05
     digits  = -3.0102999566398120e-01
objValPrimal = -0.0000000000000000e+00
objValDual   = +3.5110362950840476e+05
p.feas.error = +4.4091419156161743e-02
d.feas.error = +9.1203277151920871e-03
total time   = 0.004263
** Parameters **
maxIteration = 1000
epsilonStar  = +9.9999999999999995e-08
lambdaStar   = +1.0000000000000000e+04
omegaStar    = +2.0000000000000000e+00
lowerBound   = -1.0000000000000000e+05
upperBound   = +1.0000000000000000e+05
betaStar     = +1.0000000000000001e-01
betaBar      = +2.9999999999999999e-01
gammaStar    = +8.0000000000000004e-01
epsilonDash  = +9.9999999999999995e-08
xPrint       = %+8.3e 
XPrint       = %+8.3e 
YPrint       = %+8.3e 
infPrint     = %+10.16e 

                         Time(sec)  Ratio(% : MainLoop) 
 Predictor time  =       0.002330,  64.010989
 Corrector time  =       0.000260,  7.142857
 Make bMat time  =       0.001916,  52.637363
 Make bDia time  =       0.000000,  0.000000
 Make bF1  time  =       0.000000,  0.000000
 Make bF2  time  =       0.000000,  0.000000
 Make bF3  time  =       0.000000,  0.000000
 Make bPRE time  =       0.000052,  1.428571
 Make rMat time  =       0.000097,  2.664835
 Make gVec Mul   =       0.000111,  3.049451
 Make gVec time  =       0.000152,  4.175824
 Cholesky bMat   =       0.000122,  3.351648
 Ste Pre time    =       0.000001,  0.027473
 Ste Cor time    =       0.000488,  13.406593
 solve           =       0.000033,  0.906593
 sumDz           =       0.000095,  2.609890
 makedX          =       0.000126,  3.461538
 symmetriseDx    =       0.000021,  0.576923
 makedXdZ        =       0.000249,  6.840659
 xMatTime        =       0.000105,  2.884615
 zMatTime        =       0.000112,  3.076923
 invzMatTime     =       0.000000,  0.000000
 xMatzMatTime    =       0.000000,  0.000000
 EigxMatTime     =       0.000254,  6.978022
 EigzMatTime     =       0.000221,  6.071429
 EigxMatzMatTime =       0.000000,  0.000000
 updateRes       =       0.000077,  2.115385
 EigTime         =       0.000475,  13.049451
 sub_total_bMat  =       0.001724,  47.362637
 Main Loop       =       0.003640,  100.000000
 File Check      =       0.000000,  0.000000
 File Change     =       0.000003,  0.082418
 File Read       =       0.000620,  17.032967
 Total           =       0.004263,  117.115385

xVec = 
{+1.262e+06,-0.000e+00,-0.000e+00,+1.262e+06,-0.000e+00,-0.000e+00,-0.000e+00,-0.000e+00,+1.262e+06,+7.866e+02,+3.152e+04,+1.263e+06,+1.028e-01,-2.278e-02,+6.691e+00,+5.368e-02,-3.587e-02,+3.322e+00,-3.485e-02,-1.569e-02,+8.772e-01,+4.668e-04,+4.132e-02,+1.005e+00}
xMat = 
{
{ {+1.262e+06,+0.000e+00,+0.000e+00,+0.000e+00,+0.000e+00,+0.000e+00 },
  {+0.000e+00,+1.262e+06,+0.000e+00,+0.000e+00,+0.000e+00,+0.000e+00 },
  {+0.000e+00,+0.000e+00,+6.007e-03,+0.000e+00,+0.000e+00,+0.000e+00 },
  {+0.000e+00,+0.000e+00,+0.000e+00,+1.262e+06,+0.000e+00,+0.000e+00 },
  {+0.000e+00,+0.000e+00,+0.000e+00,+0.000e+00,+1.262e+06,+0.000e+00 },
  {+0.000e+00,+0.000e+00,+0.000e+00,+0.000e+00,+0.000e+00,+1.262e+06 }   }
{ {+7.867e+02,+3.350e-03,+4.791e-02,+0.000e+00,+3.152e+04,+6.017e-02 },
  {+3.350e-03,+7.867e+02,-5.035e-02,-3.152e+04,+0.000e+00,+1.212e-01 },
  {+4.791e-02,-5.035e-02,+9.049e-02,-6.017e-02,-1.212e-01,+0.000e+00 },
  {+0.000e+00,-3.152e+04,-6.017e-02,+1.263e+06,+0.000e+00,+0.000e+00 },
  {+3.152e+04,+0.000e+00,-1.212e-01,+0.000e+00,+1.263e+06,+0.000e+00 },
  {+6.017e-02,+1.212e-01,+0.000e+00,+0.000e+00,+0.000e+00,+1.263e+06 }   }
{ {+1.205e-01,-1.373e-02,-2.527e-02,+0.000e+00,-2.278e-02,+1.212e-02 },
  {-1.373e-02,+1.469e-01,+1.056e-03,+2.278e-02,+0.000e+00,+9.301e-01 },
  {-2.527e-02,+1.056e-03,+1.962e-01,-1.212e-02,-9.301e-01,+0.000e+00 },
  {+0.000e+00,+2.278e-02,-1.212e-02,+6.735e+00,+0.000e+00,+0.000e+00 },
  {-2.278e-02,+0.000e+00,-9.301e-01,+0.000e+00,+6.735e+00,+0.000e+00 },
  {+1.212e-02,+9.301e-01,+0.000e+00,+0.000e+00,+0.000e+00,+6.735e+00 }   }
{ {+4.705e-02,+1.635e-02,+1.030e-02,+0.000e+00,-3.587e-02,-1.290e-03 },
  {+1.635e-02,+9.777e-02,-2.054e-03,+3.587e-02,+0.000e+00,+5.187e-01 },
  {+1.030e-02,-2.054e-03,+1.153e-01,+1.290e-03,-5.187e-01,+0.000e+00 },
  {+0.000e+00,+3.587e-02,+1.290e-03,+3.366e+00,+0.000e+00,+0.000e+00 },
  {-3.587e-02,+0.000e+00,-5.187e-01,+0.000e+00,+3.366e+00,+0.000e+00 },
  {-1.290e-03,+5.187e-01,+0.000e+00,+0.000e+00,+0.000e+00,+3.366e+00 }   }
{ {+2.928e-02,+1.944e-03,-2.252e-03,+0.000e+00,-1.569e-02,+3.515e-02 },
  {+1.944e-03,+9.237e-03,+6.086e-04,+1.569e-02,+0.000e+00,-5.886e-04 },
  {-2.252e-03,+6.086e-04,+5.701e-02,-3.515e-02,+5.886e-04,+0.000e+00 },
  {+0.000e+00,+1.569e-02,-3.515e-02,+9.213e-01,+0.000e+00,+0.000e+00 },
  {-1.569e-02,+0.000e+00,+5.886e-04,+0.000e+00,+9.213e-01,+0.000e+00 },
  {+3.515e-02,-5.886e-04,+0.000e+00,+0.000e+00,+0.000e+00,+9.213e-01 }   }
{ {+4.301e-02,+9.083e-04,+4.541e-03,+0.000e+00,+4.132e-02,-3.813e-04 },
  {+9.083e-04,+4.456e-02,+4.929e-04,-4.132e-02,+0.000e+00,-9.511e-02 },
  {+4.541e-03,+4.929e-04,+5.778e-02,+3.813e-04,+9.511e-02,+0.000e+00 },
  {+0.000e+00,-4.132e-02,+3.813e-04,+1.049e+00,+0.000e+00,+0.000e+00 },
  {+4.132e-02,+0.000e+00,+9.511e-02,+0.000e+00,+1.049e+00,+0.000e+00 },
  {-3.813e-04,-9.511e-02,+0.000e+00,+0.000e+00,+0.000e+00,+1.049e+00 }   }
}
yMat = 
{
{ {+3.040e-03,+0.000e+00,+0.000e+00,+0.000e+00,+0.000e+00,+0.000e+00 },
  {+0.000e+00,+3.040e-03,+0.000e+00,+0.000e+00,+0.000e+00,+0.000e+00 },
  {+0.000e+00,+0.000e+00,+3.164e+06,+0.000e+00,+0.000e+00,+0.000e+00 },
  {+0.000e+00,+0.000e+00,+0.000e+00,+3.040e-03,+0.000e+00,+0.000e+00 },
  {+0.000e+00,+0.000e+00,+0.000e+00,+0.000e+00,+3.040e-03,+0.000e+00 },
  {+0.000e+00,+0.000e+00,+0.000e+00,+0.000e+00,+0.000e+00,+3.040e-03 }   }
{ {+4.646e+05,-9.041e+05,-8.054e+05,-2.257e+04,-1.160e+04,+1.068e-01 },
  {-9.041e+05,+2.700e+06,+2.098e+06,+6.738e+04,+2.257e+04,-3.271e-01 },
  {-8.054e+05,+2.098e+06,+1.818e+06,+5.237e+04,+2.010e+04,-2.559e-01 },
  {-2.257e+04,+6.738e+04,+5.237e+04,+1.682e+03,+5.633e+02,-8.165e-03 },
  {-1.160e+04,+2.257e+04,+2.010e+04,+5.633e+02,+2.894e+02,-2.667e-03 },
  {+1.068e-01,-3.271e-01,-2.559e-01,-8.165e-03,-2.667e-03,+3.041e-03 }   }
{ {+1.372e+05,+3.171e+05,+5.132e+04,-3.270e+02,+6.420e+03,-4.538e+04 },
  {+3.171e+05,+2.145e+06,+9.991e+04,-2.996e+03,+1.490e+04,-3.057e+05 },
  {+5.132e+04,+9.991e+04,+3.039e+05,+5.683e+02,+4.790e+04,-1.445e+04 },
  {-3.270e+02,-2.996e+03,+5.683e+02,+1.617e+03,+1.051e+02,+8.200e+02 },
  {+6.420e+03,+1.490e+04,+4.790e+04,+1.051e+02,+9.200e+03,-2.178e+03 },
  {-4.538e+04,-3.057e+05,-1.445e+04,+8.200e+02,-2.178e+03,+4.488e+04 }   }
{ {+5.987e+05,-5.744e+05,-1.294e+05,+6.051e+03,-1.283e+04,+8.474e+04 },
  {-5.744e+05,+1.684e+06,+1.998e+05,-1.880e+04,+2.332e+04,-2.608e+05 },
  {-1.294e+05,+1.998e+05,+5.293e+05,-2.279e+03,+9.713e+04,-2.981e+04 },
  {+6.051e+03,-1.880e+04,-2.279e+03,+2.453e+03,-2.766e+02,+2.857e+03 },
  {-1.283e+04,+2.332e+04,+9.713e+04,-2.766e+02,+1.931e+04,-3.427e+03 },
  {+8.474e+04,-2.608e+05,-2.981e+04,+2.857e+03,-3.427e+03,+4.209e+04 }   }
{ {+7.507e+05,-9.373e+04,+3.707e+04,+3.072e+03,+1.447e+04,-2.868e+04 },
  {-9.373e+04,+1.532e+06,-4.018e+04,-3.031e+04,-1.713e+03,+4.031e+03 },
  {+3.707e+04,-4.018e+04,+3.165e+05,+1.473e+04,+4.585e+02,-1.362e+03 },
  {+3.072e+03,-3.031e+04,+1.473e+04,+1.639e+04,+4.709e+01,-1.224e+02 },
  {+1.447e+04,-1.713e+03,+4.585e+02,+4.709e+01,+1.550e+04,-5.468e+02 },
  {-2.868e+04,+4.031e+03,-1.362e+03,-1.224e+02,-5.468e+02,+1.629e+04 }   }
{ {+4.774e+05,-1.420e+04,-9.425e+03,-5.276e+02,-1.919e+04,-1.048e+03 },
  {-1.420e+04,+5.898e+05,-6.868e+03,+2.423e+04,+1.134e+03,+5.561e+04 },
  {-9.425e+03,-6.868e+03,+3.840e+05,-4.140e+02,-3.790e+04,-6.071e+02 },
  {-5.276e+02,+2.423e+04,-4.140e+02,+1.356e+04,+5.584e+01,+2.186e+03 },
  {-1.919e+04,+1.134e+03,-3.790e+04,+5.584e+01,+1.696e+04,+8.953e+01 },
  {-1.048e+03,+5.561e+04,-6.071e+02,+2.186e+03,+8.953e+01,+1.766e+04 }   }
}
    main loop time = 0.003640
        total time = 0.004263
  file  check time = 0.000000
  file change time = 0.000003
  file   read time = 0.000620
SDPA end at [Sat Nov 24 11:31:45 2018]
ALL TIME = 0.005355
