L_1xx: 0.010484
L_1xy: 2.98925e-08
L_1xz: 1.53815e-05
L_1yy: 0.011314
L_1yz: -7.69575e-06
L_1zz: 0.00346007
l_1x: 0.000345677
l_1y: -0.000172951
l_1z: -0.0889937
m_1: 2
L_2xx: 0.00838782
L_2xy: 0.00110593
L_2xz: -0.000512693
L_2yy: 0.0328527
L_2yz: 3.65627e-05
L_2zz: 0.0339026
l_2x: 0.24906
l_2y: -0.0177617
l_2z: 0.00823405
m_2: 4
L_3xx: 0.0140324
L_3xy: -0.000139324
L_3xz: -0.0135934
L_3yy: 0.159081
L_3yz: -1.89324e-05
L_3zz: 0.156534
l_3x: 0.707228
l_3y: 0.000985
l_3z: 0.0961035
m_3: 5
L_4xx: 0.00742925
L_4xy: 3.43401e-06
L_4xz: 0.00581683
L_4yy: 0.0969839
L_4yz: -3.24256e-07
L_4zz: 0.0952867
l_4x: 0.496398
l_4y: -2.76715e-05
l_4z: -0.0468723
m_4: 4
L_5xx: 1.91732e-06
L_5xy: 7.74944e-09
L_5xz: 1.42229e-10
L_5yy: 2.47387e-07
L_5yz: -3.14995e-08
L_5zz: 1.91677e-06
l_5x: 3.51949e-07
l_5y: -7.79461e-05
l_5z: -1.43058e-06
m_5: 0.00354
L_6xx: 0.00799374
L_6xy: 1.90264e-05
L_6xz: 0.0036248
L_6yy: 0.0169735
L_6yz: -1.51782e-05
L_6zz: 0.0156319
l_6x: -0.0953292
l_6y: 0.000399172
l_6z: 0.0760481
m_6: 2
