L_1xx: 0.0
L_1xy: 0.0
L_1xz: 0.0
L_1yy: 0.0
L_1yz: 0.0
L_1zz: 0.019634042474835207
l_1x: -9.01642243076577e-05
l_1y: -0.0015216305270874116
l_1z: 0.0
m_1: 0.0
Ia_1: 0.0
fv_1: 0.4219302256882774
fc_1: 0.0749362679443138
fo_1: 0.0010912920257106988
