L_1xx: 0.0
L_1xy: 0.0
L_1xz: 0.0
L_1yy: 0.0
L_1yz: 0.0
L_1zz: 0.005513919
l_1x: 0.0
l_1y: -0.01475
l_1z: 0.0
m_1: 0.0
Ia_1: 0.0
fv_1: 0.0
fc_1: 0.0
fo_1: 0.0
