SDPA start at [Tue Nov  6 11:13:10 2018]
set   is STABLE_BUT_SLOW
data   is tmp/sdpa_dat/sdp.dat-s  : sparse
out    is tmp/sdpa_dat/sdpa.out
NumThreads  is set as 1
Schur computation : DENSE 
   mu      thetaP  thetaD  objP      objD      alphaP  alphaD  beta 
 0 1.0e+08 1.0e+00 1.0e+00 -0.00e+00 -2.01e+04 6.3e-01 6.7e-01 3.00e-01
 1 5.0e+07 3.7e-01 3.3e-01 -0.00e+00 -1.08e+05 6.7e-01 7.2e-01 3.00e-01
 2 2.2e+07 1.2e-01 9.2e-02 -0.00e+00 -1.60e+05 6.5e-01 6.8e-01 3.00e-01
 3 1.1e+07 4.3e-02 2.9e-02 -0.00e+00 -2.03e+05 6.6e-01 7.2e-01 3.00e-01
 4 5.0e+06 1.5e-02 8.1e-03 -0.00e+00 -2.67e+05 7.5e-01 7.8e-01 3.00e-01
 5 1.8e+06 3.7e-03 1.8e-03 -0.00e+00 -3.70e+05 7.9e-01 7.8e-01 3.00e-01
 6 5.6e+05 7.7e-04 3.9e-04 -0.00e+00 -5.14e+05 7.8e-01 8.0e-01 3.00e-01
 7 1.9e+05 1.7e-04 7.8e-05 -0.00e+00 -6.77e+05 7.4e-01 8.0e-01 3.00e-01
 8 7.5e+04 4.4e-05 1.6e-05 -0.00e+00 -6.68e+05 6.7e-01 8.0e-01 3.00e-01
 9 3.3e+04 1.5e-05 3.2e-06 -0.00e+00 -3.60e+05 5.2e-01 8.0e-01 3.00e-01
10 1.6e+04 6.9e-06 6.3e-07 -0.00e+00 +2.29e+04 2.9e-01 4.6e-01 3.32e-01
11 1.4e+04 4.9e-06 3.4e-07 -0.00e+00 +6.46e+05 2.9e-01 4.6e-01 3.32e-01

phase.value  = pdINF     
   Iteration = 11
          mu = +1.4125320970548430e+04
relative gap = +2.0000000000000000e+00
        gap  = -6.4558926508429949e+05
     digits  = -3.0102999566398120e-01
objValPrimal = -0.0000000000000000e+00
objValDual   = +6.4558926508429949e+05
p.feas.error = +4.9115646514549208e-02
d.feas.error = +1.0195359867356492e-02
total time   = 0.014585
** Parameters **
maxIteration = 1000
epsilonStar  = +9.9999999999999995e-08
lambdaStar   = +1.0000000000000000e+04
omegaStar    = +2.0000000000000000e+00
lowerBound   = -1.0000000000000000e+05
upperBound   = +1.0000000000000000e+05
betaStar     = +1.0000000000000001e-01
betaBar      = +2.9999999999999999e-01
gammaStar    = +8.0000000000000004e-01
epsilonDash  = +9.9999999999999995e-08
xPrint       = %+8.3e 
XPrint       = %+8.3e 
YPrint       = %+8.3e 
infPrint     = %+10.16e 

                         Time(sec)  Ratio(% : MainLoop) 
 Predictor time  =       0.009873,  74.104931
 Corrector time  =       0.000714,  5.359153
 Make bMat time  =       0.007045,  52.878481
 Make bDia time  =       0.000000,  0.000000
 Make bF1  time  =       0.000000,  0.000000
 Make bF2  time  =       0.000000,  0.000000
 Make bF3  time  =       0.000000,  0.000000
 Make bPRE time  =       0.000172,  1.291001
 Make rMat time  =       0.000266,  1.996547
 Make gVec Mul   =       0.001409,  10.575696
 Make gVec time  =       0.001560,  11.709075
 Cholesky bMat   =       0.000954,  7.160549
 Ste Pre time    =       0.000002,  0.015012
 Ste Cor time    =       0.001317,  9.885161
 solve           =       0.000094,  0.705547
 sumDz           =       0.000225,  1.688809
 makedX          =       0.000320,  2.401861
 symmetriseDx    =       0.000058,  0.435337
 makedXdZ        =       0.000608,  4.563537
 xMatTime        =       0.000246,  1.846431
 zMatTime        =       0.000293,  2.199204
 invzMatTime     =       0.000000,  0.000000
 xMatzMatTime    =       0.000000,  0.000000
 EigxMatTime     =       0.000712,  5.344142
 EigzMatTime     =       0.000567,  4.255798
 EigxMatzMatTime =       0.000000,  0.000000
 updateRes       =       0.000185,  1.388576
 EigTime         =       0.001279,  9.599940
 sub_total_bMat  =       0.006278,  47.121519
 Main Loop       =       0.013323,  100.000000
 File Check      =       0.000000,  0.000000
 File Change     =       0.000006,  0.045035
 File Read       =       0.001256,  9.427306
 Total           =       0.014585,  109.472341

xVec = 
{+1.293e+06,-0.000e+00,-0.000e+00,+1.293e+06,-0.000e+00,-0.000e+00,-0.000e+00,-0.000e+00,+1.293e+06,+8.059e+02,+3.229e+04,+1.294e+06,+1.527e-01,-7.904e-02,+9.270e+00,+7.599e-02,-3.041e-02,+3.025e+00,-3.073e-02,+1.782e-02,+8.045e-01,+2.581e-03,+3.886e-02,+9.239e-01}
xMat = 
{
{ {+1.293e+06,+0.000e+00,+0.000e+00,+0.000e+00,+0.000e+00,+0.000e+00 },
  {+0.000e+00,+1.293e+06,+0.000e+00,+0.000e+00,+0.000e+00,+0.000e+00 },
  {+0.000e+00,+0.000e+00,+4.403e-03,+0.000e+00,+0.000e+00,+0.000e+00 },
  {+0.000e+00,+0.000e+00,+0.000e+00,+1.293e+06,+0.000e+00,+0.000e+00 },
  {+0.000e+00,+0.000e+00,+0.000e+00,+0.000e+00,+1.293e+06,+0.000e+00 },
  {+0.000e+00,+0.000e+00,+0.000e+00,+0.000e+00,+0.000e+00,+1.293e+06 }   }
{ {+8.060e+02,+2.765e-05,-1.020e-02,+0.000e+00,+3.229e+04,+7.367e-03 },
  {+2.765e-05,+8.060e+02,+7.698e-03,-3.229e+04,+0.000e+00,-1.234e-01 },
  {-1.020e-02,+7.698e-03,+1.120e-01,-7.367e-03,+1.234e-01,+0.000e+00 },
  {+0.000e+00,-3.229e+04,-7.367e-03,+1.294e+06,+0.000e+00,+0.000e+00 },
  {+3.229e+04,+0.000e+00,+1.234e-01,+0.000e+00,+1.294e+06,+0.000e+00 },
  {+7.367e-03,-1.234e-01,+0.000e+00,+0.000e+00,+0.000e+00,+1.294e+06 }   }
{ {+1.017e-01,-6.699e-02,+1.485e-02,+0.000e+00,-7.904e-02,-7.144e-03 },
  {-6.699e-02,+2.018e-01,-1.394e-02,+7.904e-02,+0.000e+00,+1.066e+00 },
  {+1.485e-02,-1.394e-02,+1.316e-01,+7.144e-03,-1.066e+00,+0.000e+00 },
  {+0.000e+00,+7.904e-02,+7.144e-03,+9.319e+00,+0.000e+00,+0.000e+00 },
  {-7.904e-02,+0.000e+00,-1.066e+00,+0.000e+00,+9.319e+00,+0.000e+00 },
  {-7.144e-03,+1.066e+00,+0.000e+00,+0.000e+00,+0.000e+00,+9.319e+00 }   }
{ {+1.154e-01,+1.696e-02,-1.110e-02,+0.000e+00,-3.041e-02,+1.379e-02 },
  {+1.696e-02,+1.251e-01,-9.556e-05,+3.041e-02,+0.000e+00,+5.743e-01 },
  {-1.110e-02,-9.556e-05,+1.200e-01,-1.379e-02,-5.743e-01,+0.000e+00 },
  {+0.000e+00,+3.041e-02,-1.379e-02,+3.074e+00,+0.000e+00,+0.000e+00 },
  {-3.041e-02,+0.000e+00,-5.743e-01,+0.000e+00,+3.074e+00,+0.000e+00 },
  {+1.379e-02,+5.743e-01,+0.000e+00,+0.000e+00,+0.000e+00,+3.074e+00 }   }
{ {+3.974e-02,+2.336e-03,-1.168e-03,+0.000e+00,+1.782e-02,+3.578e-02 },
  {+2.336e-03,+1.838e-02,+3.783e-03,-1.782e-02,+0.000e+00,-1.701e-04 },
  {-1.168e-03,+3.783e-03,+5.425e-02,-3.578e-02,+1.701e-04,+0.000e+00 },
  {+0.000e+00,-1.782e-02,-3.578e-02,+8.536e-01,+0.000e+00,+0.000e+00 },
  {+1.782e-02,+0.000e+00,+1.701e-04,+0.000e+00,+8.536e-01,+0.000e+00 },
  {+3.578e-02,-1.701e-04,+0.000e+00,+0.000e+00,+0.000e+00,+8.536e-01 }   }
{ {+4.950e-02,+6.173e-05,+3.265e-03,+0.000e+00,+3.886e-02,-3.696e-04 },
  {+6.173e-05,+5.169e-02,+2.307e-03,-3.886e-02,+0.000e+00,-9.555e-02 },
  {+3.265e-03,+2.307e-03,+6.223e-02,+3.696e-04,+9.555e-02,+0.000e+00 },
  {+0.000e+00,-3.886e-02,+3.696e-04,+9.730e-01,+0.000e+00,+0.000e+00 },
  {+3.886e-02,+0.000e+00,+9.555e-02,+0.000e+00,+9.730e-01,+0.000e+00 },
  {-3.696e-04,-9.555e-02,+0.000e+00,+0.000e+00,+0.000e+00,+9.730e-01 }   }
}
yMat = 
{
{ {+3.398e-03,+0.000e+00,+0.000e+00,+0.000e+00,+0.000e+00,+0.000e+00 },
  {+0.000e+00,+3.398e-03,+0.000e+00,+0.000e+00,+0.000e+00,+0.000e+00 },
  {+0.000e+00,+0.000e+00,+4.945e+06,+0.000e+00,+0.000e+00,+0.000e+00 },
  {+0.000e+00,+0.000e+00,+0.000e+00,+3.398e-03,+0.000e+00,+0.000e+00 },
  {+0.000e+00,+0.000e+00,+0.000e+00,+0.000e+00,+3.398e-03,+0.000e+00 },
  {+0.000e+00,+0.000e+00,+0.000e+00,+0.000e+00,+0.000e+00,+3.398e-03 }   }
{ {+1.534e+06,-5.321e+05,+2.146e+05,-1.328e+04,-3.828e+04,-5.314e-03 },
  {-5.321e+05,+3.411e+06,-2.960e+05,+8.514e+04,+1.328e+04,+2.586e-01 },
  {+2.146e+05,-2.960e+05,+1.612e+05,-7.388e+03,-5.358e+03,-1.892e-02 },
  {-1.328e+04,+8.514e+04,-7.388e+03,+2.125e+03,+3.315e+02,+6.456e-03 },
  {-3.828e+04,+1.328e+04,-5.358e+03,+3.315e+02,+9.556e+02,+1.326e-04 },
  {-5.314e-03,+2.586e-01,-1.892e-02,+6.456e-03,+1.326e-04,+3.400e-03 }   }
{ {+6.208e+05,+7.090e+05,+5.377e+05,-4.720e+03,+6.434e+04,-8.349e+04 },
  {+7.090e+05,+1.074e+06,+1.045e+06,-6.363e+03,+1.239e+05,-1.277e+05 },
  {+5.377e+05,+1.045e+06,+3.131e+06,-1.312e+04,+3.653e+05,-1.188e+05 },
  {-4.720e+03,-6.363e+03,-1.312e+04,+1.197e+03,-1.528e+03,+9.340e+02 },
  {+6.434e+04,+1.239e+05,+3.653e+05,-1.528e+03,+4.369e+04,-1.412e+04 },
  {-8.349e+04,-1.277e+05,-1.188e+05,+9.340e+02,-1.412e+04,+1.634e+04 }   }
{ {+2.317e+05,-2.269e+05,+3.967e+05,+4.197e+03,+7.374e+04,+4.034e+04 },
  {-2.269e+05,+1.463e+06,-2.769e+05,-1.680e+04,-4.889e+04,-2.761e+05 },
  {+3.967e+05,-2.769e+05,+2.447e+06,+1.415e+04,+4.562e+05,+4.495e+04 },
  {+4.197e+03,-1.680e+04,+1.415e+04,+3.357e+03,+2.644e+03,+3.096e+03 },
  {+7.374e+04,-4.889e+04,+4.562e+05,+2.644e+03,+8.631e+04,+7.822e+03 },
  {+4.034e+04,-2.761e+05,+4.495e+04,+3.096e+03,+7.822e+03,+5.403e+04 }   }
{ {+5.826e+05,-6.634e+04,+1.922e+04,-2.825e+02,-1.165e+04,-2.411e+04 },
  {-6.634e+04,+1.112e+06,-7.310e+04,+1.676e+04,+1.015e+03,+2.548e+03 },
  {+1.922e+04,-7.310e+04,+3.886e+05,+1.665e+04,-4.162e+02,-7.357e+02 },
  {-2.825e+02,+1.676e+04,+1.665e+04,+1.898e+04,-1.442e+00,+1.025e+01 },
  {-1.165e+04,+1.015e+03,-4.162e+02,-1.442e+00,+1.822e+04,+4.310e+02 },
  {-2.411e+04,+2.548e+03,-7.357e+02,+1.025e+01,+4.310e+02,+1.897e+04 }   }
{ {+4.405e+05,-4.709e+02,+4.918e+03,-1.721e+01,-1.892e+04,+1.368e+02 },
  {-4.709e+02,+5.307e+05,-2.755e+04,+2.183e+04,+2.571e+03,+5.354e+04 },
  {+4.918e+03,-2.755e+04,+3.883e+05,-1.197e+03,-4.109e+04,-2.555e+03 },
  {-1.721e+01,+2.183e+04,-1.197e+03,+1.599e+04,+1.089e+02,+2.080e+03 },
  {-1.892e+04,+2.571e+03,-4.109e+04,+1.089e+02,+1.993e+04,+2.231e+02 },
  {+1.368e+02,+5.354e+04,-2.555e+03,+2.080e+03,+2.231e+02,+2.026e+04 }   }
}
    main loop time = 0.013323
        total time = 0.014585
  file  check time = 0.000000
  file change time = 0.000006
  file   read time = 0.001256
SDPA end at [Tue Nov  6 11:13:10 2018]
ALL TIME = 0.024436
